0.0078
0.0070
0.0042
-0.0010
-0.0089
-0.0195
-0.0321
-0.0453
-0.0570
-0.0644
-0.0645
-0.0541
-0.0308
0.0065
0.0569
0.1168
0.1802
0.2385
0.2815
0.2985
0.2802
0.2203
0.1175
-0.0234
-0.1910
-0.3680
-0.5324
-0.6608
-0.7313
-0.7272
-0.6400
-0.4719
-0.2360
0.0441
0.3374
0.6095
0.8269
0.9624
0.9988
0.9313
0.7686
0.5314
0.2493
-0.0436
-0.3133
-0.5307
-0.6752
-0.7370
-0.7172
-0.6271
-0.4853
-0.3147
-0.1384
0.0227
0.1530
0.2430
0.2899
0.2967
0.2707
0.2220
0.1611
0.0979
0.0404
-0.0062
-0.0393
-0.0585
-0.0654
-0.0628
-0.0537
-0.0413
-0.0281
-0.0160
-0.0062
0.0009
0.0053
0.0074