1.75516512378075
1.72418081556599
1.69149494904914
1.65713978123424
1.62114921652418
1.58355877326112
1.54440554867422
1.50372818226912
1.46156681769542
1.41796306312976
1.37295995021355
1.32660189158593
1.27893463705391
1.23000522844277
1.17986195317149
1.12855429659888
1.07613289318755
1.02264947653373
0.968156828312546
0.912708726188807
0.856359890744979
0.799165931478568
0.741183291922261
0.682469193940969
0.623081581260762
0.563079062285402
0.502520852256924
0.441466714817347
0.379976903029168
0.318112099912866
0.255933358560090
0.193502041881624
0.130879762049605
0.0681283196937479
0.00530964291158514
-0.0575142738470900
-0.120281430961261
-0.182929884824826
-0.245397808977462
-0.307623555119873
-0.369545713953223
-0.431103175782696
-0.492235190825389
-0.552881429163012
-0.612982040280234
-0.672477712129919
-0.731309729666950
-0.789420032792893
-0.846751273654305
-0.903246873238140
-0.958851077208406
-1.01350901092896
-1.06716673361815
-1.11977129158187
-1.17127077047242
-1.22161434652174
-1.27075233669834
-1.31863624773840
-1.36521882400283
-1.41045409411284
-1.45429741631814
-1.49670552255299
-1.53763656113653
-1.57705013807534
-1.61490735692744
-1.65117085718838
-1.68580485116155
-1.71877515927630
-1.75004924381910
-1.77959624104425
-1.80738699163274
-1.83339406946897
-1.85759180870698
-1.87995632909958
-1.90046555956523
-1.91909925996958
-1.93583904110000
-1.95066838281354
-1.96357265034028
-1.97453910872614
-1.98355693540068
-1.99061723085772
-1.99571302743802
-1.99883929620560
-1.99999295191062
-1.99917285603418
-1.99637981791189
-1.99161659393518
-1.98488788483105
-1.97620033102300
-1.96556250607779
-1.95298490824432
-1.93847995009314
-1.92206194626673
-1.90374709935272
-1.88355348389381
-1.86150102855047
-1.83761149643369
-1.81190846362746
-1.78441729592198
-1.75516512378075
-1.72418081556599
-1.69149494904914
-1.65713978123424
-1.62114921652418
-1.58355877326112
-1.54440554867422
-1.50372818226912
-1.46156681769542
-1.41796306312976
-1.37295995021355
-1.32660189158593
-1.27893463705391
-1.23000522844277
-1.17986195317149
-1.12855429659888
-1.07613289318754
-1.02264947653373
-0.968156828312545
-0.912708726188806
-0.856359890744979
-0.799165931478569
-0.741183291922262
-0.682469193940970
-0.623081581260762
-0.563079062285402
-0.502520852256925
-0.441466714817347
-0.379976903029168
-0.318112099912866
-0.255933358560090
-0.193502041881624
-0.130879762049604
-0.0681283196937477
-0.00530964291158538
0.0575142738470897
0.120281430961262
0.182929884824827
0.245397808977462
0.307623555119873
0.369545713953223
0.431103175782697
0.492235190825390
0.552881429163012
0.612982040280235
0.672477712129919
0.731309729666949
0.789420032792892
0.846751273654304
0.903246873238140
0.958851077208406
1.01350901092896
1.06716673361815
1.11977129158187
1.17127077047242
1.22161434652174
1.27075233669834
1.31863624773840
1.36521882400283
1.41045409411284
1.45429741631814
1.49670552255299
1.53763656113653
1.57705013807534
1.61490735692744
1.65117085718838
1.68580485116155
1.71877515927631
1.75004924381910
1.77959624104425
1.80738699163274
1.83339406946897
1.85759180870698
1.87995632909958
1.90046555956523
1.91909925996958
1.93583904110000
1.95066838281354
1.96357265034028
1.97453910872614
1.98355693540068
1.99061723085772
1.99571302743802
1.99883929620560
1.99999295191062
1.99917285603418
1.99637981791189
1.99161659393518
1.98488788483105
1.97620033102300
1.96556250607779
1.95298490824432
1.93847995009314
1.92206194626673
1.90374709935272
1.88355348389381
1.86150102855047
1.83761149643369
1.81190846362746
1.78441729592198
1.75516512378075
1.72418081556599
1.69149494904914
1.65713978123424
1.62114921652418
1.58355877326112
1.54440554867422
1.50372818226912
1.46156681769542
1.41796306312976
1.37295995021355
1.32660189158593
1.27893463705391
1.23000522844277
1.17986195317149
1.12855429659888
1.07613289318755
1.02264947653373
0.968156828312546
0.912708726188807
0.856359890744979
0.799165931478569
0.741183291922260
0.682469193940969
0.623081581260762
0.563079062285402
0.502520852256925
0.441466714817347
0.379976903029168
0.318112099912867
0.255933358560091
0.193502041881623
0.130879762049604
0.0681283196937480
0.00530964291158563
-0.0575142738470913
-0.120281430961262
-0.182929884824827
-0.245397808977462
-0.307623555119873
-0.369545713953223
-0.431103175782696
-0.492235190825388
-0.552881429163010
-0.612982040280233
-0.672477712129920
-0.731309729666947
-0.789420032792893
-0.846751273654305
-0.903246873238140
-0.958851077208406
-1.01350901092896
-1.06716673361815
-1.11977129158187
-1.17127077047242
-1.22161434652174
-1.27075233669834
-1.31863624773840
-1.36521882400283
-1.41045409411284
-1.45429741631814
-1.49670552255299
-1.53763656113653
-1.57705013807534
-1.61490735692744
-1.65117085718838
-1.68580485116155
-1.71877515927630
-1.75004924381910
-1.77959624104424
-1.80738699163274
-1.83339406946897
-1.85759180870698
-1.87995632909958
-1.90046555956523
-1.91909925996958
-1.93583904110000
-1.95066838281354
-1.96357265034028
-1.97453910872614
-1.98355693540068
-1.99061723085772
-1.99571302743802
-1.99883929620560
-1.99999295191062
-1.99917285603418
-1.99637981791189
-1.99161659393518
-1.98488788483105
-1.97620033102300
-1.96556250607779
-1.95298490824432
-1.93847995009314
-1.92206194626673
-1.90374709935272
-1.88355348389381
-1.86150102855047
-1.83761149643369
-1.81190846362746
-1.78441729592198
-1.75516512378075
-1.72418081556599
-1.69149494904914
-1.65713978123424
-1.62114921652418
-1.58355877326112
-1.54440554867422
-1.50372818226912
-1.46156681769542
-1.41796306312976
-1.37295995021355
-1.32660189158593
-1.27893463705391
-1.23000522844277
-1.17986195317149
-1.12855429659888
-1.07613289318754
-1.02264947653373
-0.968156828312546
-0.912708726188807
-0.856359890744979
-0.799165931478569
-0.741183291922262
-0.682469193940971
-0.623081581260761
-0.563079062285401
-0.502520852256924
-0.441466714817347
-0.379976903029168
-0.318112099912867
-0.255933358560091
-0.193502041881625
-0.130879762049603
-0.0681283196937464
-0.00530964291158409
0.0575142738470910
0.120281430961261
0.182929884824826
0.245397808977462
0.307623555119873
0.369545713953223
0.431103175782699
0.492235190825391
0.552881429163013
0.612982040280236
0.672477712129920
0.731309729666950
0.789420032792893
0.846751273654305
0.903246873238140
0.958851077208408
1.01350901092896
1.06716673361815
1.11977129158187
1.17127077047241
1.22161434652174
1.27075233669834
1.31863624773840
1.36521882400283
1.41045409411284
1.45429741631814
1.49670552255299
1.53763656113653
1.57705013807534
1.61490735692744
1.65117085718838
1.68580485116154
1.71877515927630
1.75004924381910
1.77959624104424
1.80738699163274
1.83339406946897
1.85759180870698
1.87995632909958
1.90046555956523
1.91909925996958
1.93583904110000
1.95066838281354
1.96357265034028
1.97453910872614
1.98355693540068
1.99061723085772
1.99571302743802
1.99883929620560
1.99999295191062
1.99917285603418
1.99637981791189
1.99161659393518
1.98488788483105
1.97620033102300
1.96556250607779
1.95298490824432
1.93847995009314
1.92206194626673
1.90374709935272
1.88355348389381
1.86150102855047
1.83761149643369
1.81190846362746
1.78441729592198
1.75516512378075
1.72418081556599
1.69149494904914
1.65713978123424
1.62114921652418
1.58355877326112
1.54440554867422
1.50372818226912
1.46156681769542
1.41796306312976
1.37295995021354
1.32660189158593
1.27893463705391
1.23000522844277
1.17986195317149
1.12855429659888
1.07613289318754
1.02264947653373
0.968156828312549
0.912708726188807
0.856359890744980
0.799165931478570
0.741183291922262
0.682469193940971
0.623081581260764
0.563079062285404
0.502520852256927
0.441466714817347
0.379976903029168
0.318112099912867
0.255933358560091
0.193502041881625
0.130879762049607
0.0681283196937502
0.00530964291158789
-0.0575142738470872
-0.120281430961261
-0.182929884824826
-0.245397808977461
-0.307623555119873
-0.369545713953222
-0.431103175782695
-0.492235190825387
-0.552881429163010
-0.612982040280236
-0.672477712129920
-0.731309729666950
-0.789420032792893
-0.846751273654305
-0.903246873238140
-0.958851077208405
-1.01350901092896
-1.06716673361815
-1.11977129158187
-1.17127077047242
-1.22161434652174
-1.27075233669834
-1.31863624773840
-1.36521882400283
-1.41045409411284
-1.45429741631814
-1.49670552255299
-1.53763656113653
-1.57705013807534
-1.61490735692744
-1.65117085718838
-1.68580485116155
-1.71877515927630
-1.75004924381910
-1.77959624104424
-1.80738699163274
-1.83339406946897
-1.85759180870698
-1.87995632909958
-1.90046555956523
-1.91909925996958
-1.93583904110000
-1.95066838281354
-1.96357265034028
-1.97453910872614
-1.98355693540068
-1.99061723085772
-1.99571302743802
-1.99883929620560
-1.99999295191062
-1.99917285603418
-1.99637981791189
-1.99161659393518
-1.98488788483105
-1.97620033102300
-1.96556250607779
-1.95298490824432
-1.93847995009314
-1.92206194626673
-1.90374709935272
-1.88355348389381
-1.86150102855047
-1.83761149643369
-1.81190846362746
-1.78441729592198
-1.75516512378075
-1.72418081556599
-1.69149494904914
-1.65713978123424
-1.62114921652418
-1.58355877326112
-1.54440554867422
-1.50372818226912
-1.46156681769542
-1.41796306312976
-1.37295995021354
-1.32660189158593
-1.27893463705391
-1.23000522844277
-1.17986195317149
-1.12855429659888
-1.07613289318754
-1.02264947653373
-0.968156828312546
-0.912708726188804
-0.856359890744980
-0.799165931478566
-0.741183291922262
-0.682469193940968
-0.623081581260765
-0.563079062285401
-0.502520852256921
-0.441466714817348
-0.379976903029165
-0.318112099912867
-0.255933358560088
-0.193502041881625
-0.130879762049603
-0.0681283196937505
-0.00530964291158458
0.0575142738470941
0.120281430961261
0.182929884824829
0.245397808977461
0.307623555119876
0.369545713953222
0.431103175782698
0.492235190825387
0.552881429163013
0.612982040280239
0.672477712129920
0.731309729666953
0.789420032792893
0.846751273654308
0.903246873238139
0.958851077208408
1.01350901092896
1.06716673361816
1.11977129158187
1.17127077047242
1.22161434652175
1.27075233669834
1.31863624773841
1.36521882400283
1.41045409411284
1.45429741631814
1.49670552255299
1.53763656113653
1.57705013807534
1.61490735692744
1.65117085718838
1.68580485116155
1.71877515927630
1.75004924381910
1.77959624104424
1.80738699163274
1.83339406946897
1.85759180870698
1.87995632909958
1.90046555956523
1.91909925996958
1.93583904110000
1.95066838281354
1.96357265034028
1.97453910872614
1.98355693540068
1.99061723085772
1.99571302743802
1.99883929620560
1.99999295191062
1.99917285603418
1.99637981791189
1.99161659393518
1.98488788483105
1.97620033102300
1.96556250607779
1.95298490824432
1.93847995009314
1.92206194626673
1.90374709935272
1.88355348389381
1.86150102855047
1.83761149643369
1.81190846362746
1.78441729592199
1.75516512378075
1.72418081556599
1.69149494904914
1.65713978123425
1.62114921652418
1.58355877326112
1.54440554867422
1.50372818226912
1.46156681769542
1.41796306312976
1.37295995021355
1.32660189158593
1.27893463705392
1.23000522844277
1.17986195317149
1.12855429659888
1.07613289318755
1.02264947653373
0.968156828312546
0.912708726188811
0.856359890744980
0.799165931478567
0.741183291922263
0.682469193940968
0.623081581260765
0.563079062285401
0.502520852256928
0.441466714817348
0.379976903029172
0.318112099912868
0.255933358560088
0.193502041881626
0.130879762049603
0.0681283196937507
0.00530964291158483
-0.0575142738470867
-0.120281430961261
-0.182929884824822
-0.245397808977461
-0.307623555119876
-0.369545713953222
-0.431103175782698
-0.492235190825387
-0.552881429163013
-0.612982040280232
-0.672477712129920
-0.731309729666946
-0.789420032792892
-0.846751273654307
-0.903246873238139
-0.958851077208408
-1.01350901092896
-1.06716673361816
-1.11977129158187
-1.17127077047242
-1.22161434652174
-1.27075233669834
-1.31863624773841
-1.36521882400283
-1.41045409411284
-1.45429741631814
-1.49670552255299
-1.53763656113653
-1.57705013807534
-1.61490735692744
-1.65117085718838
-1.68580485116155
-1.71877515927630
-1.75004924381910
-1.77959624104424
-1.80738699163274
-1.83339406946897
-1.85759180870698
-1.87995632909958
-1.90046555956523
-1.91909925996958
-1.93583904110000
-1.95066838281354
-1.96357265034028
-1.97453910872614
-1.98355693540068
-1.99061723085772
-1.99571302743802
-1.99883929620560
-1.99999295191062
-1.99917285603418
-1.99637981791189
-1.99161659393518
-1.98488788483105
-1.97620033102300
-1.96556250607779
-1.95298490824432
-1.93847995009314
-1.92206194626673
-1.90374709935272
-1.88355348389381
-1.86150102855047
-1.83761149643369
-1.81190846362746
-1.78441729592198
-1.75516512378074
-1.72418081556599
-1.69149494904914
-1.65713978123424
-1.62114921652418
-1.58355877326112
-1.54440554867422
-1.50372818226912
-1.46156681769542
-1.41796306312976
-1.37295995021355
-1.32660189158594
-1.27893463705392
-1.23000522844277
-1.17986195317149
-1.12855429659888
-1.07613289318755
-1.02264947653373
-0.968156828312547
-0.912708726188811
-0.856359890744980
-0.799165931478573
-0.741183291922263
-0.682469193940975
-0.623081581260765
-0.563079062285401
-0.502520852256928
-0.441466714817348
-0.379976903029173
-0.318112099912868
-0.255933358560095
-0.193502041881626
-0.130879762049611
-0.0681283196937510
-0.00530964291158507
0.0575142738470865
0.120281430961261
0.182929884824822
0.245397808977461
0.307623555119868
0.369545713953222
0.431103175782691
0.492235190825387
0.552881429163012
0.612982040280232
0.672477712129919
0.731309729666946
0.789420032792892
0.846751273654301
0.903246873238139
0.958851077208401
1.01350901092896
1.06716673361816
1.11977129158187
1.17127077047242
1.22161434652174
1.27075233669834
1.31863624773840
1.36521882400283
1.41045409411284
1.45429741631814
1.49670552255299
1.53763656113653
1.57705013807534
1.61490735692744
1.65117085718838
1.68580485116154
1.71877515927630
1.75004924381910
1.77959624104424
1.80738699163274
1.83339406946897
1.85759180870698
1.87995632909958
1.90046555956523
1.91909925996958
1.93583904110000
1.95066838281354
1.96357265034028
1.97453910872614
1.98355693540068
1.99061723085772
1.99571302743802
1.99883929620560
1.99999295191062
1.99917285603418
1.99637981791189
1.99161659393518
1.98488788483105
1.97620033102300
1.96556250607779
1.95298490824432
1.93847995009314
1.92206194626673
1.90374709935272
1.88355348389381
1.86150102855047
1.83761149643369
1.81190846362746
1.78441729592198
1.75516512378075
1.72418081556599
1.69149494904914
1.65713978123424
1.62114921652417
1.58355877326112
1.54440554867422
1.50372818226912
1.46156681769542
1.41796306312976
1.37295995021354
1.32660189158593
1.27893463705391
1.23000522844277
1.17986195317149
1.12855429659888
1.07613289318755
1.02264947653373
0.968156828312547
0.912708726188805
0.856359890744974
0.799165931478567
0.741183291922257
0.682469193940969
0.623081581260758
0.563079062285402
0.502520852256921
0.441466714817348
0.379976903029166
0.318112099912861
0.255933358560089
0.193502041881619
0.130879762049604
0.0681283196937512
0.00530964291159242
-0.0575142738470862
-0.120281430961253
-0.182929884824822
-0.245397808977461
-0.307623555119868
-0.369545713953221
-0.431103175782691
-0.492235190825386
-0.552881429163005
-0.612982040280231
-0.672477712129919
-0.731309729666946
-0.789420032792892
-0.846751273654300
-0.903246873238139
-0.958851077208401
-1.01350901092896
-1.06716673361815
-1.11977129158187
-1.17127077047242
-1.22161434652174
-1.27075233669834
-1.31863624773840
-1.36521882400283
-1.41045409411283
-1.45429741631814
-1.49670552255299
-1.53763656113653
-1.57705013807534
-1.61490735692744
-1.65117085718838
-1.68580485116154
-1.71877515927630
-1.75004924381909
-1.77959624104424
-1.80738699163274
-1.83339406946897
-1.85759180870698
-1.87995632909958
-1.90046555956523
-1.91909925996958
-1.93583904110000
-1.95066838281354
-1.96357265034028
-1.97453910872614
-1.98355693540068
-1.99061723085772
-1.99571302743802
-1.99883929620560
-1.99999295191062
-1.99917285603418
-1.99637981791189
-1.99161659393518
-1.98488788483105
-1.97620033102300
-1.96556250607779
-1.95298490824432
-1.93847995009314
-1.92206194626674
-1.90374709935272
-1.88355348389381
-1.86150102855047
-1.83761149643369
-1.81190846362746
-1.78441729592198
-1.75516512378075
-1.72418081556599
-1.69149494904914
-1.65713978123424
-1.62114921652418
-1.58355877326112
-1.54440554867422
-1.50372818226912
-1.46156681769542
-1.41796306312976
-1.37295995021354
-1.32660189158594
-1.27893463705391
-1.23000522844277
-1.17986195317149
-1.12855429659888
-1.07613289318755
-1.02264947653373
-0.968156828312547
-0.912708726188805
-0.856359890744981
-0.799165931478567
-0.741183291922263
-0.682469193940969
-0.623081581260759
-0.563079062285402
-0.502520852256922
-0.441466714817349
-0.379976903029166
-0.318112099912868
-0.255933358560089
-0.193502041881626
-0.130879762049604
-0.0681283196937444
-0.00530964291158556
0.0575142738470931
0.120281430961260
0.182929884824828
0.245397808977460
0.307623555119875
0.369545713953228
0.431103175782697
0.492235190825393
0.552881429163012
0.612982040280238
0.672477712129919
0.731309729666952
0.789420032792892
0.846751273654307
0.903246873238145
0.958851077208407
1.01350901092896
1.06716673361815
1.11977129158187
1.17127077047242
1.22161434652174
1.27075233669834
1.31863624773840
1.36521882400284
1.41045409411284
1.45429741631814
1.49670552255299
1.53763656113653
1.57705013807534
1.61490735692744
1.65117085718837
1.68580485116154
1.71877515927630
1.75004924381909
1.77959624104424
1.80738699163274
1.83339406946897
1.85759180870698
1.87995632909958
1.90046555956523
1.91909925996958
1.93583904110000
1.95066838281354
1.96357265034028
1.97453910872614
1.98355693540068
1.99061723085772
1.99571302743802
1.99883929620560
1.99999295191062
1.99917285603418
1.99637981791189
1.99161659393518
1.98488788483105
1.97620033102300
1.96556250607779
1.95298490824432
1.93847995009314
1.92206194626674
1.90374709935272
1.88355348389381
1.86150102855047
1.83761149643369
1.81190846362746
1.78441729592199
1.75516512378075
1.72418081556599
1.69149494904914
1.65713978123424
1.62114921652418
1.58355877326112
1.54440554867422
1.50372818226911
1.46156681769543
1.41796306312975
1.37295995021353
1.32660189158593
1.27893463705392
1.23000522844277
1.17986195317148
1.12855429659888
1.07613289318754
1.02264947653372
0.968156828312535
0.912708726188805
0.856359890744975
0.799165931478561
0.741183291922250
0.682469193940969
0.623081581260759
0.563079062285395
0.502520852256915
0.441466714817335
0.379976903029166
0.318112099912862
0.255933358560082
0.193502041881612
0.130879762049604
0.0681283196937446
0.00530964291157870
-0.0575142738471000
-0.120281430961260
-0.182929884824828
-0.245397808977481
-0.307623555119882
-0.369545713953221
-0.431103175782683
-0.492235190825393
-0.552881429163019
-0.612982040280231
-0.672477712129919
-0.731309729666952
-0.789420032792898
-0.846751273654300
-0.903246873238138
-0.958851077208407
-1.01350901092896
-1.06716673361816
-1.11977129158186
-1.17127077047242
-1.22161434652174
-1.27075233669834
-1.31863624773840
-1.36521882400283
-1.41045409411284
-1.45429741631814
-1.49670552255299
-1.53763656113653
-1.57705013807535
-1.61490735692744
-1.65117085718837
-1.68580485116154
-1.71877515927631
-1.75004924381910
-1.77959624104424
-1.80738699163274
-1.83339406946898
-1.85759180870698
-1.87995632909958
-1.90046555956523
-1.91909925996958
-1.93583904110000
-1.95066838281353
-1.96357265034028
-1.97453910872614
-1.98355693540068
-1.99061723085772
-1.99571302743802
-1.99883929620560
-1.99999295191062
-1.99917285603418
-1.99637981791189
-1.99161659393518
-1.98488788483104
-1.97620033102300
-1.96556250607779
-1.95298490824432
-1.93847995009314
-1.92206194626674
-1.90374709935272
-1.88355348389381
-1.86150102855047
-1.83761149643369
-1.81190846362746
-1.78441729592198
-1.75516512378074
-1.72418081556599
-1.69149494904914
-1.65713978123424
-1.62114921652418
-1.58355877326112
-1.54440554867421
-1.50372818226911
-1.46156681769542
-1.41796306312977
-1.37295995021354
-1.32660189158593
-1.27893463705391
-1.23000522844277
-1.17986195317148
-1.12855429659887
-1.07613289318755
-1.02264947653373
-0.968156828312541
-0.912708726188799
-0.856359890744981
-0.799165931478568
-0.741183291922257
-0.682469193940963
-0.623081581260752
-0.563079062285402
-0.502520852256922
-0.441466714817342
-0.379976903029160
-0.318112099912869
-0.255933358560089
-0.193502041881606
-0.130879762049598
-0.0681283196937519
-0.00530964291158605
0.0575142738471068
0.120281430961267
0.182929884824821
0.245397808977460
0.307623555119889
0.369545713953228
0.431103175782690
0.492235190825399
0.552881429163025
0.612982040280237
0.672477712129912
0.731309729666959
0.789420032792904
0.846751273654306
0.903246873238144
0.958851077208413
1.01350901092897
1.06716673361815
1.11977129158187
1.17127077047242
1.22161434652175
1.27075233669835
1.31863624773840
1.36521882400284
1.41045409411284
1.45429741631815
1.49670552255299
1.53763656113653
1.57705013807534
1.61490735692744
1.65117085718838
1.68580485116155
1.71877515927631
1.75004924381910
1.77959624104424
1.80738699163273
1.83339406946897
1.85759180870699
1.87995632909958
1.90046555956523
1.91909925996958
1.93583904110000
1.95066838281354
1.96357265034028
1.97453910872614
1.98355693540068
1.99061723085772
1.99571302743802
1.99883929620560
1.99999295191062
1.99917285603418
1.99637981791189
1.99161659393518
1.98488788483105
1.97620033102300
1.96556250607779
1.95298490824432
1.93847995009313
1.92206194626673
1.90374709935272
1.88355348389381
1.86150102855046
1.83761149643369
1.81190846362746
1.78441729592198
1.75516512378074
1.72418081556599
1.69149494904915
1.65713978123424
1.62114921652417
1.58355877326112
1.54440554867423
1.50372818226911
1.46156681769542
1.41796306312976
1.37295995021355
1.32660189158593
1.27893463705391
1.23000522844277
1.17986195317149
1.12855429659888
1.07613289318754
1.02264947653372
0.968156828312548
0.912708726188806
0.856359890744975
0.799165931478562
0.741183291922264
0.682469193940969
0.623081581260759
0.563079062285396
0.502520852256929
0.441466714817349
0.379976903029153
0.318112099912862
0.255933358560097
0.193502041881627
0.130879762049591
0.0681283196937451
0.00530964291159340
-0.0575142738470995
-0.120281430961273
-0.182929884824828
-0.245397808977452
-0.307623555119881
-0.369545713953234
-0.431103175782697
-0.492235190825392
-0.552881429163018
-0.612982040280244
-0.672477712129918
-0.731309729666952
-0.789420032792898
-0.846751273654312
-0.903246873238138
-0.958851077208407
-1.01350901092896
-1.06716673361816
-1.11977129158188
-1.17127077047242
-1.22161434652174
-1.27075233669834
-1.31863624773841
-1.36521882400283
-1.41045409411284
-1.45429741631815
-1.49670552255300
-1.53763656113653
-1.57705013807534
-1.61490735692745
-1.65117085718838
-1.68580485116154
-1.71877515927630
-1.75004924381910
-1.77959624104425
-1.80738699163274
-1.83339406946897
-1.85759180870699
-1.87995632909958
-1.90046555956523
-1.91909925996958
-1.93583904110001
-1.95066838281354
-1.96357265034028
-1.97453910872614
-1.98355693540069
-1.99061723085772
-1.99571302743802
-1.99883929620560
-1.99999295191062
-1.99917285603418
-1.99637981791189
-1.99161659393518
-1.98488788483104
-1.97620033102300
-1.96556250607779
-1.95298490824432
-1.93847995009314
-1.92206194626673
-1.90374709935272
-1.88355348389381
-1.86150102855047
-1.83761149643369
-1.81190846362746
-1.78441729592199
-1.75516512378074
-1.72418081556599
-1.69149494904914
-1.65713978123424
-1.62114921652418
-1.58355877326111
-1.54440554867422
-1.50372818226912
-1.46156681769542
-1.41796306312976
-1.37295995021355
-1.32660189158594
-1.27893463705391
-1.23000522844277
-1.17986195317148
-1.12855429659889
-1.07613289318755
-1.02264947653373
-0.968156828312542
-0.912708726188812
-0.856359890744982
-0.799165931478555
-0.741183291922258
-0.682469193940976
-0.623081581260766
-0.563079062285389
-0.502520852256923
-0.441466714817356
-0.379976903029160
-0.318112099912855
-0.255933358560090
-0.193502041881634
-0.130879762049598
-0.0681283196937382
-0.00530964291158654
0.0575142738470779
0.120281430961266
0.182929884824835
0.245397808977459
0.307623555119874
0.369545713953227
0.431103175782703
0.492235190825385
0.552881429163011
0.612982040280237
0.672477712129925
0.731309729666958
0.789420032792891
0.846751273654306
0.903246873238144
0.958851077208413
1.01350901092896
1.06716673361815
1.11977129158187
1.17127077047242
1.22161434652174
1.27075233669834
1.31863624773841
1.36521882400284
1.41045409411283
1.45429741631814
1.49670552255300
1.53763656113653
1.57705013807533
1.61490735692744
1.65117085718839
1.68580485116155
1.71877515927630
1.75004924381910
1.77959624104425
1.80738699163274
1.83339406946897
1.85759180870699
1.87995632909958
1.90046555956523
1.91909925996958
1.93583904110000
1.95066838281354
1.96357265034028
1.97453910872614
1.98355693540068
1.99061723085772
1.99571302743802
1.99883929620560
1.99999295191062
1.99917285603418
1.99637981791189
1.99161659393518
1.98488788483105
1.97620033102300
1.96556250607779
1.95298490824432
1.93847995009314
1.92206194626673
1.90374709935271
1.88355348389381
1.86150102855047
1.83761149643368
1.81190846362746
1.78441729592199
1.75516512378074
1.72418081556598
1.69149494904914
1.65713978123425
1.62114921652417
1.58355877326111
1.54440554867422
1.50372818226911
1.46156681769542
1.41796306312975
1.37295995021355
1.32660189158593
1.27893463705391
1.23000522844276
1.17986195317149
1.12855429659888
1.07613289318754
1.02264947653372
0.968156828312536
0.912708726188806
0.856359890744975
0.799165931478562
0.741183291922251
0.682469193940970
0.623081581260773
0.563079062285396
0.502520852256916
0.441466714817350
0.379976903029181
0.318112099912863
0.255933358560083
0.193502041881628
0.130879762049605
0.0681283196937456
0.00530964291157968
-0.0575142738470848
-0.120281430961259
-0.182929884824827
-0.245397808977466
-0.307623555119867
-0.369545713953220
-0.431103175782696
-0.492235190825392
-0.552881429163018
-0.612982040280230
-0.672477712129918
-0.731309729666951
-0.789420032792897
-0.846751273654299
-0.903246873238137
-0.958851077208418
-1.01350901092896
-1.06716673361815
-1.11977129158186
-1.17127077047243
-1.22161434652174
-1.27075233669833
-1.31863624773840
-1.36521882400284
-1.41045409411284
-1.45429741631813
-1.49670552255300
-1.53763656113654
-1.57705013807534
-1.61490735692743
-1.65117085718838
-1.68580485116155
-1.71877515927630
-1.75004924381910
-1.77959624104425
-1.80738699163274
-1.83339406946897
-1.85759180870698
-1.87995632909958
-1.90046555956523
-1.91909925996958
-1.93583904110000
-1.95066838281354
-1.96357265034028
-1.97453910872614
-1.98355693540068
-1.99061723085772
-1.99571302743802
-1.99883929620560
-1.99999295191062
-1.99917285603418
-1.99637981791189
-1.99161659393518
-1.98488788483105
-1.97620033102300
-1.96556250607779
-1.95298490824432
-1.93847995009314
-1.92206194626673
-1.90374709935271
-1.88355348389381
-1.86150102855047
-1.83761149643369
-1.81190846362745
-1.78441729592198
-1.75516512378075
-1.72418081556599
-1.69149494904914
-1.65713978123424
-1.62114921652418
-1.58355877326111
-1.54440554867421
-1.50372818226912
-1.46156681769542
-1.41796306312976
-1.37295995021354
-1.32660189158593
-1.27893463705391
-1.23000522844277
-1.17986195317148
-1.12855429659887
-1.07613289318755
-1.02264947653373
-0.968156828312530
-0.912708726188800
-0.856359890744982
-0.799165931478569
-0.741183291922258
-0.682469193940964
-0.623081581260767
-0.563079062285403
-0.502520852256923
-0.441466714817343
-0.379976903029175
-0.318112099912856
-0.255933358560090
-0.193502041881621
-0.130879762049613
-0.0681283196937387
-0.00530964291158703
0.0575142738470916
0.120281430961266
0.182929884824834
0.245397808977459
0.307623555119874
0.369545713953227
0.431103175782703
0.492235190825385
0.552881429163011
0.612982040280236
0.672477712129924
0.731309729666944
0.789420032792903
0.846751273654305
0.903246873238144
0.958851077208400
1.01350901092897
1.06716673361815
1.11977129158187
1.17127077047242
1.22161434652175
1.27075233669834
1.31863624773840
1.36521882400284
1.41045409411284
1.45429741631814
1.49670552255300
1.53763656113653
1.57705013807534
1.61490735692744
1.65117085718839
1.68580485116155
1.71877515927631
1.75004924381909
1.77959624104425
1.80738699163274
1.83339406946897
1.85759180870699
1.87995632909958
1.90046555956523
1.91909925996958
1.93583904110000
1.95066838281354
1.96357265034028
1.97453910872614
1.98355693540068
1.99061723085772
1.99571302743802
1.99883929620560
1.99999295191062
1.99917285603418
1.99637981791189
1.99161659393518
1.98488788483105
1.97620033102300
1.96556250607779
1.95298490824432
1.93847995009314
1.92206194626674
1.90374709935271
1.88355348389381
1.86150102855047
1.83761149643369
1.81190846362746
1.78441729592198
1.75516512378075
1.72418081556599
1.69149494904914
1.65713978123424
1.62114921652417
1.58355877326112
1.54440554867422
1.50372818226911
1.46156681769542
1.41796306312976
1.37295995021355
1.32660189158593
1.27893463705391
1.23000522844277
1.17986195317149
1.12855429659887
1.07613289318754
1.02264947653374
0.968156828312549
0.912708726188794
0.856359890744976
0.799165931478575
0.741183291922252
0.682469193940957
0.623081581260760
0.563079062285410
0.502520852256917
0.441466714817336
0.379976903029168
0.318112099912877
0.255933358560083
0.193502041881614
0.130879762049606
0.0681283196937461
0.00530964291158017
-0.0575142738470985
-0.120281430961258
-0.182929884824827
-0.245397808977466
-0.307623555119880
-0.369545713953233
-0.431103175782696
-0.492235190825391
-0.552881429163017
-0.612982040280243
-0.672477712129917
-0.731309729666951
-0.789420032792897
-0.846751273654312
-0.903246873238137
-0.958851077208406
-1.01350901092896
-1.06716673361816
-1.11977129158186
-1.17127077047241
-1.22161434652174
-1.27075233669834
-1.31863624773840
-1.36521882400284
-1.41045409411284
-1.45429741631814
-1.49670552255299
-1.53763656113654
-1.57705013807534
-1.61490735692744
-1.65117085718838
-1.68580485116155
-1.71877515927630
-1.75004924381910
-1.77959624104425
-1.80738699163274
-1.83339406946897
-1.85759180870698
-1.87995632909958
-1.90046555956523
-1.91909925996958
-1.93583904110000
-1.95066838281354
-1.96357265034028
-1.97453910872614
-1.98355693540069
-1.99061723085772
-1.99571302743802
-1.99883929620560
-1.99999295191062
-1.99917285603418
-1.99637981791189
-1.99161659393518
-1.98488788483104
-1.97620033102300
-1.96556250607779
-1.95298490824432
-1.93847995009314
-1.92206194626674
-1.90374709935271
-1.88355348389381
-1.86150102855047
-1.83761149643369
-1.81190846362745
-1.78441729592198
-1.75516512378074
-1.72418081556599
-1.69149494904914
-1.65713978123424
-1.62114921652418
-1.58355877326112
-1.54440554867421
-1.50372818226912
-1.46156681769541
-1.41796306312976
-1.37295995021354
-1.32660189158594
-1.27893463705390
-1.23000522844277
-1.17986195317149
-1.12855429659889
-1.07613289318754
-1.02264947653373
-0.968156828312555
-0.912708726188800
-0.856359890744970
-0.799165931478569
-0.741183291922272
-0.682469193940964
-0.623081581260754
-0.563079062285404
-0.502520852256924
-0.441466714817344
-0.379976903029161
-0.318112099912870
-0.255933358560091
-0.193502041881621
-0.130879762049599
-0.0681283196937534
-0.00530964291158752
0.0575142738470911
0.120281430961265
0.182929884824834
0.245397808977458
0.307623555119873
0.369545713953226
0.431103175782702
0.492235190825384
0.552881429163010
0.612982040280249
0.672477712129924
0.731309729666944
0.789420032792890
0.846751273654318
0.903246873238143
0.958851077208399
1.01350901092897
1.06716673361817
1.11977129158187
1.17127077047241
1.22161434652175
1.27075233669835
1.31863624773840
1.36521882400283
1.41045409411284
1.45429741631814
1.49670552255299
1.53763656113653
1.57705013807534
1.61490735692744
1.65117085718838
1.68580485116155
1.71877515927631
1.75004924381909
1.77959624104425
1.80738699163274
1.83339406946897
1.85759180870698
1.87995632909958
1.90046555956523
1.91909925996958
1.93583904110000
1.95066838281354
1.96357265034028
1.97453910872614
1.98355693540068
1.99061723085772
1.99571302743802
1.99883929620560
1.99999295191062
1.99917285603418
1.99637981791189
1.99161659393518
1.98488788483105
1.97620033102300
1.96556250607779
1.95298490824432
1.93847995009314
1.92206194626673
1.90374709935271
1.88355348389381
1.86150102855047
1.83761149643369
1.81190846362746
1.78441729592198
1.75516512378075
1.72418081556599
1.69149494904914
1.65713978123424
1.62114921652418
1.58355877326111
1.54440554867422
1.50372818226912
1.46156681769543
1.41796306312975
1.37295995021355
1.32660189158593
1.27893463705391
1.23000522844276
1.17986195317149
1.12855429659888
1.07613289318754
1.02264947653372
0.968156828312549
0.912708726188807
0.856359890744976
0.799165931478563
0.741183291922265
0.682469193940958
0.623081581260761
0.563079062285397
0.502520852256931
0.441466714817337
0.379976903029168
0.318112099912863
0.255933358560084
0.193502041881614
0.130879762049606
0.0681283196937466
0.00530964291158066
-0.0575142738470980
-0.120281430961258
-0.182929884824840
-0.245397808977465
-0.307623555119880
-0.369545713953219
-0.431103175782709
-0.492235190825391
-0.552881429163017
-0.612982040280229
-0.672477712129930
-0.731309729666950
-0.789420032792896
-0.846751273654311
-0.903246873238149
-0.958851077208405
-1.01350901092896
-1.06716673361816
-1.11977129158187
-1.17127077047241
-1.22161434652174
-1.27075233669834
-1.31863624773841
-1.36521882400283
-1.41045409411284
-1.45429741631814
-1.49670552255300
-1.53763656113653
-1.57705013807534
-1.61490735692744
-1.65117085718838
-1.68580485116155
-1.71877515927630
-1.75004924381910
-1.77959624104425
-1.80738699163274
-1.83339406946897
-1.85759180870698
-1.87995632909958
-1.90046555956523
-1.91909925996958
-1.93583904110000
-1.95066838281354
-1.96357265034028
-1.97453910872614
-1.98355693540069
-1.99061723085772
-1.99571302743802
-1.99883929620560
-1.99999295191062
-1.99917285603418
-1.99637981791189
-1.99161659393518
-1.98488788483104
-1.97620033102300
-1.96556250607779
-1.95298490824432
-1.93847995009314
-1.92206194626674
-1.90374709935272
-1.88355348389381
-1.86150102855047
-1.83761149643369
-1.81190846362745
-1.78441729592198
-1.75516512378074
-1.72418081556599
-1.69149494904914
-1.65713978123424
-1.62114921652418
-1.58355877326112
-1.54440554867421
-1.50372818226912
-1.46156681769542
-1.41796306312976
-1.37295995021354
-1.32660189158594
-1.27893463705391
-1.23000522844277
-1.17986195317148
-1.12855429659889
-1.07613289318754
-1.02264947653373
-0.968156828312543
-0.912708726188813
-0.856359890744970
-0.799165931478570
-0.741183291922259
-0.682469193940964
-0.623081581260754
-0.563079062285404
-0.502520852256924
-0.441466714817344
-0.379976903029162
-0.318112099912871
-0.255933358560091
-0.193502041881622
-0.130879762049600
-0.0681283196937539
-0.00530964291157380
0.0575142738470907
0.120281430961265
0.182929884824819
0.245397808977472
0.307623555119873
0.369545713953226
0.431103175782702
0.492235190825398
0.552881429163010
0.612982040280235
0.672477712129923
0.731309729666957
0.789420032792890
0.846751273654304
0.903246873238143
0.958851077208411
1.01350901092896
1.06716673361816
1.11977129158187
1.17127077047242
1.22161434652174
1.27075233669835
1.31863624773840
1.36521882400284
1.41045409411284
1.45429741631815
1.49670552255299
1.53763656113653
1.57705013807534
1.61490735692744
1.65117085718838
1.68580485116155
1.71877515927631
1.75004924381910
1.77959624104424
1.80738699163275
1.83339406946897
1.85759180870699
1.87995632909958
1.90046555956524
1.91909925996958
1.93583904110000
1.95066838281354
1.96357265034028
1.97453910872614
1.98355693540068
1.99061723085772
1.99571302743802
1.99883929620560
1.99999295191062
1.99917285603418
1.99637981791189
1.99161659393518
1.98488788483104
1.97620033102300
1.96556250607779
1.95298490824432
1.93847995009313
1.92206194626673
1.90374709935272
1.88355348389381
1.86150102855046
1.83761149643369
1.81190846362746
1.78441729592198
