4
3.99950652992664
3.99802624146293
3.99555949984788
3.99210691371309
3.98766933493251
3.98224785841232
3.97584382182072
3.96845880525791
3.96009463086623
3.95075336238055
3.94043730461910
3.92914900291476
3.91689124248706
3.90366704775499
3.88947968159071
3.87433264451452
3.85822967383119
3.84117474270777
3.82317205919332
3.80422606518061
3.78434143531018
3.76352307581690
3.74177612331947
3.71910594355301
3.69551813004515
3.67101850273592
3.64561310654178
3.61930820986408
3.59211030304246
3.56402609675347
3.53506252035477
3.50522672017545
3.47452605775277
3.44296810801577
3.41056065741637
3.37731170200806
3.34322944547308
3.30832229709825
3.27259886970009
3.23606797749979
3.19873863394836
3.16062004950276
3.12172162935332
3.08205297110316
3.04162386240012
3.00044427852184
2.95852437991444
2.91587450968565
2.87250519105276
2.82842712474619
2.78365118636926
2.73818842371476
2.69205005403909
2.64524746129461
2.59779219332073
2.54969595899476
2.50097062534282
2.45162821461191
2.40168090130354
2.35114100916989
2.30002100817311
2.24833351140852
2.19609127199253
2.14330717991599
2.08999425886380
2.03616566300149
1.98183467372963
1.92701469640686
1.87171925704229
1.81596199895819
1.75975667942366
1.70311716626029
1.64605743442044
1.58859156253912
1.53073372946036
1.47249821073871
1.41389937511703
1.35495168098117
1.29566967279260
1.23606797749979
1.17616130092922
1.11596442415692
1.05549219986149
0.994759548659419
0.933781455423622
0.872572965586170
0.811149181426050
0.749525258342899
0.687716401117639
0.625737860160924
0.563604927750331
0.501332934257217
0.438937244364181
0.376433253274057
0.313836382911380
0.251162078117253
0.188425802838571
0.125643036312514
0.0628292692472826
2.44929359829471e-16
-0.0628292692472830
-0.125643036312513
-0.188425802838571
-0.251162078117254
-0.313836382911380
-0.376433253274057
-0.438937244364181
-0.501332934257217
-0.563604927750331
-0.625737860160923
-0.687716401117638
-0.749525258342898
-0.811149181426050
-0.872572965586170
-0.933781455423621
-0.994759548659419
-1.05549219986149
-1.11596442415692
-1.17616130092922
-1.23606797749979
-1.29566967279260
-1.35495168098117
-1.41389937511703
-1.47249821073871
-1.53073372946036
-1.58859156253912
-1.64605743442044
-1.70311716626029
-1.75975667942366
-1.81596199895819
-1.87171925704229
-1.92701469640686
-1.98183467372963
-2.03616566300149
-2.08999425886380
-2.14330717991599
-2.19609127199253
-2.24833351140852
-2.30002100817311
-2.35114100916989
-2.40168090130354
-2.45162821461191
-2.50097062534282
-2.54969595899476
-2.59779219332073
-2.64524746129461
-2.69205005403909
-2.73818842371475
-2.78365118636926
-2.82842712474619
-2.87250519105276
-2.91587450968565
-2.95852437991444
-3.00044427852184
-3.04162386240012
-3.08205297110316
-3.12172162935332
-3.16062004950276
-3.19873863394836
-3.23606797749979
-3.27259886970009
-3.30832229709825
-3.34322944547308
-3.37731170200806
-3.41056065741637
-3.44296810801578
-3.47452605775277
-3.50522672017545
-3.53506252035477
-3.56402609675347
-3.59211030304246
-3.61930820986408
-3.64561310654178
-3.67101850273592
-3.69551813004515
-3.71910594355301
-3.74177612331947
-3.76352307581690
-3.78434143531018
-3.80422606518061
-3.82317205919332
-3.84117474270777
-3.85822967383119
-3.87433264451452
-3.88947968159071
-3.90366704775499
-3.91689124248706
-3.92914900291476
-3.94043730461910
-3.95075336238055
-3.96009463086623
-3.96845880525791
-3.97584382182072
-3.98224785841232
-3.98766933493251
-3.99210691371309
-3.99555949984788
-3.99802624146293
-3.99950652992664
-4
-3.99950652992664
-3.99802624146293
-3.99555949984788
-3.99210691371309
-3.98766933493251
-3.98224785841232
-3.97584382182072
-3.96845880525791
-3.96009463086623
-3.95075336238055
-3.94043730461910
-3.92914900291476
-3.91689124248706
-3.90366704775499
-3.88947968159071
-3.87433264451452
-3.85822967383119
-3.84117474270777
-3.82317205919332
-3.80422606518061
-3.78434143531018
-3.76352307581690
-3.74177612331947
-3.71910594355301
-3.69551813004515
-3.67101850273593
-3.64561310654178
-3.61930820986408
-3.59211030304246
-3.56402609675347
-3.53506252035477
-3.50522672017545
-3.47452605775277
-3.44296810801577
-3.41056065741637
-3.37731170200806
-3.34322944547308
-3.30832229709825
-3.27259886970009
-3.23606797749979
-3.19873863394836
-3.16062004950276
-3.12172162935332
-3.08205297110316
-3.04162386240012
-3.00044427852184
-2.95852437991444
-2.91587450968565
-2.87250519105276
-2.82842712474619
-2.78365118636926
-2.73818842371476
-2.69205005403909
-2.64524746129461
-2.59779219332073
-2.54969595899476
-2.50097062534282
-2.45162821461191
-2.40168090130354
-2.35114100916989
-2.30002100817312
-2.24833351140852
-2.19609127199253
-2.14330717991599
-2.08999425886379
-2.03616566300148
-1.98183467372963
-1.92701469640686
-1.87171925704229
-1.81596199895819
-1.75975667942366
-1.70311716626029
-1.64605743442043
-1.58859156253912
-1.53073372946036
-1.47249821073871
-1.41389937511703
-1.35495168098117
-1.29566967279260
-1.23606797749979
-1.17616130092921
-1.11596442415691
-1.05549219986149
-0.994759548659418
-0.933781455423621
-0.872572965586170
-0.811149181426050
-0.749525258342899
-0.687716401117639
-0.625737860160924
-0.563604927750332
-0.501332934257218
-0.438937244364183
-0.376433253274059
-0.313836382911382
-0.251162078117256
-0.188425802838574
-0.125643036312513
-0.0628292692472831
-7.34788079488412e-16
0.0628292692472816
0.125643036312512
0.188425802838569
0.251162078117251
0.313836382911377
0.376433253274054
0.438937244364181
0.501332934257217
0.563604927750330
0.625737860160923
0.687716401117637
0.749525258342897
0.811149181426048
0.872572965586168
0.933781455423623
0.994759548659420
1.05549219986149
1.11596442415692
1.17616130092922
1.23606797749979
1.29566967279260
1.35495168098116
1.41389937511703
1.47249821073871
1.53073372946036
1.58859156253912
1.64605743442044
1.70311716626029
1.75975667942366
1.81596199895819
1.87171925704229
1.92701469640686
1.98183467372963
2.03616566300149
2.08999425886380
2.14330717991599
2.19609127199253
2.24833351140852
2.30002100817311
2.35114100916989
2.40168090130354
2.45162821461191
2.50097062534282
2.54969595899476
2.59779219332074
2.64524746129461
2.69205005403909
2.73818842371475
2.78365118636926
2.82842712474619
2.87250519105276
2.91587450968565
2.95852437991444
3.00044427852184
3.04162386240012
3.08205297110316
3.12172162935332
3.16062004950276
3.19873863394836
3.23606797749979
3.27259886970009
3.30832229709825
3.34322944547308
3.37731170200806
3.41056065741637
3.44296810801577
3.47452605775277
3.50522672017545
3.53506252035477
3.56402609675347
3.59211030304246
3.61930820986408
3.64561310654178
3.67101850273592
3.69551813004515
3.71910594355301
3.74177612331947
3.76352307581690
3.78434143531018
3.80422606518061
3.82317205919332
3.84117474270777
3.85822967383119
3.87433264451452
3.88947968159071
3.90366704775499
3.91689124248706
3.92914900291476
3.94043730461910
3.95075336238055
3.96009463086623
3.96845880525791
3.97584382182072
3.98224785841232
3.98766933493251
3.99210691371309
3.99555949984788
3.99802624146293
3.99950652992664
4
3.99950652992664
3.99802624146293
3.99555949984788
3.99210691371309
3.98766933493251
3.98224785841232
3.97584382182072
3.96845880525791
3.96009463086623
3.95075336238055
3.94043730461910
3.92914900291475
3.91689124248706
3.90366704775499
3.88947968159071
3.87433264451452
3.85822967383119
3.84117474270777
3.82317205919332
3.80422606518061
3.78434143531018
3.76352307581690
3.74177612331947
3.71910594355301
3.69551813004515
3.67101850273593
3.64561310654178
3.61930820986408
3.59211030304246
3.56402609675347
3.53506252035477
3.50522672017546
3.47452605775277
3.44296810801578
3.41056065741637
3.37731170200806
3.34322944547308
3.30832229709825
3.27259886970009
3.23606797749979
3.19873863394836
3.16062004950276
3.12172162935332
3.08205297110316
3.04162386240012
3.00044427852184
2.95852437991444
2.91587450968565
2.87250519105276
2.82842712474619
2.78365118636926
2.73818842371476
2.69205005403909
2.64524746129461
2.59779219332073
2.54969595899476
2.50097062534282
2.45162821461191
2.40168090130354
2.35114100916989
2.30002100817312
2.24833351140852
2.19609127199253
2.14330717991599
2.08999425886379
2.03616566300149
1.98183467372963
1.92701469640686
1.87171925704229
1.81596199895819
1.75975667942366
1.70311716626029
1.64605743442043
1.58859156253912
1.53073372946036
1.47249821073871
1.41389937511703
1.35495168098117
1.29566967279260
1.23606797749979
1.17616130092922
1.11596442415692
1.05549219986149
0.994759548659422
0.933781455423625
0.872572965586174
0.811149181426054
0.749525258342899
0.687716401117639
0.625737860160925
0.563604927750332
0.501332934257219
0.438937244364183
0.376433253274060
0.313836382911383
0.251162078117253
0.188425802838571
0.125643036312514
0.0628292692472836
1.22464679914735e-15
-0.0628292692472811
-0.125643036312511
-0.188425802838568
-0.251162078117251
-0.313836382911380
-0.376433253274057
-0.438937244364181
-0.501332934257217
-0.563604927750330
-0.625737860160926
-0.687716401117637
-0.749525258342900
-0.811149181426048
-0.872572965586171
-0.933781455423619
-0.994759548659419
-1.05549219986149
-1.11596442415692
-1.17616130092922
-1.23606797749979
-1.29566967279260
-1.35495168098116
-1.41389937511703
-1.47249821073871
-1.53073372946036
-1.58859156253913
-1.64605743442043
-1.70311716626029
-1.75975667942366
-1.81596199895819
-1.87171925704229
-1.92701469640686
-1.98183467372963
-2.03616566300149
-2.08999425886380
-2.14330717991599
-2.19609127199253
-2.24833351140852
-2.30002100817312
-2.35114100916989
-2.40168090130354
-2.45162821461190
-2.50097062534282
-2.54969595899476
-2.59779219332074
-2.64524746129461
-2.69205005403909
-2.73818842371476
-2.78365118636926
-2.82842712474619
-2.87250519105275
-2.91587450968565
-2.95852437991444
-3.00044427852184
-3.04162386240013
-3.08205297110316
-3.12172162935332
-3.16062004950276
-3.19873863394836
-3.23606797749979
-3.27259886970010
-3.30832229709825
-3.34322944547308
-3.37731170200806
-3.41056065741637
-3.44296810801578
-3.47452605775277
-3.50522672017546
-3.53506252035477
-3.56402609675347
-3.59211030304247
-3.61930820986408
-3.64561310654178
-3.67101850273593
-3.69551813004515
-3.71910594355301
-3.74177612331947
-3.76352307581690
-3.78434143531018
-3.80422606518061
-3.82317205919332
-3.84117474270777
-3.85822967383119
-3.87433264451452
-3.88947968159071
-3.90366704775499
-3.91689124248706
-3.92914900291475
-3.94043730461910
-3.95075336238055
-3.96009463086623
-3.96845880525791
-3.97584382182072
-3.98224785841232
-3.98766933493251
-3.99210691371309
-3.99555949984788
-3.99802624146293
-3.99950652992664
-4
-3.99950652992664
-3.99802624146293
-3.99555949984788
-3.99210691371309
-3.98766933493251
-3.98224785841232
-3.97584382182072
-3.96845880525791
-3.96009463086623
-3.95075336238055
-3.94043730461910
-3.92914900291476
-3.91689124248706
-3.90366704775499
-3.88947968159071
-3.87433264451452
-3.85822967383119
-3.84117474270777
-3.82317205919332
-3.80422606518061
-3.78434143531018
-3.76352307581690
-3.74177612331947
-3.71910594355301
-3.69551813004515
-3.67101850273593
-3.64561310654178
-3.61930820986408
-3.59211030304246
-3.56402609675347
-3.53506252035477
-3.50522672017545
-3.47452605775277
-3.44296810801577
-3.41056065741637
-3.37731170200806
-3.34322944547308
-3.30832229709825
-3.27259886970009
-3.23606797749979
-3.19873863394836
-3.16062004950276
-3.12172162935332
-3.08205297110316
-3.04162386240012
-3.00044427852184
-2.95852437991444
-2.91587450968564
-2.87250519105276
-2.82842712474619
-2.78365118636926
-2.73818842371475
-2.69205005403910
-2.64524746129461
-2.59779219332074
-2.54969595899476
-2.50097062534282
-2.45162821461191
-2.40168090130353
-2.35114100916989
-2.30002100817311
-2.24833351140852
-2.19609127199253
-2.14330717991598
-2.08999425886380
-2.03616566300148
-1.98183467372963
-1.92701469640686
-1.87171925704229
-1.81596199895819
-1.75975667942366
-1.70311716626029
-1.64605743442043
-1.58859156253912
-1.53073372946036
-1.47249821073871
-1.41389937511703
-1.35495168098117
-1.29566967279260
-1.23606797749979
-1.17616130092921
-1.11596442415691
-1.05549219986149
-0.994759548659415
-0.933781455423622
-0.872572965586167
-0.811149181426051
-0.749525258342896
-0.687716401117640
-0.625737860160922
-0.563604927750326
-0.501332934257216
-0.438937244364177
-0.376433253274057
-0.313836382911376
-0.251162078117254
-0.188425802838568
-0.125643036312514
-0.0628292692472805
5.39092183879471e-15
0.0628292692472842
0.125643036312518
0.188425802838571
0.251162078117250
0.313836382911373
0.376433253274053
0.438937244364180
0.501332934257213
0.563604927750329
0.625737860160918
0.687716401117636
0.749525258342893
0.811149181426047
0.872572965586164
0.933781455423618
0.994759548659419
1.05549219986149
1.11596442415692
1.17616130092921
1.23606797749979
1.29566967279259
1.35495168098116
1.41389937511702
1.47249821073871
1.53073372946036
1.58859156253912
1.64605743442043
1.70311716626029
1.75975667942366
1.81596199895818
1.87171925704229
1.92701469640686
1.98183467372963
2.03616566300149
2.08999425886379
2.14330717991599
2.19609127199252
2.24833351140852
2.30002100817311
2.35114100916989
2.40168090130353
2.45162821461190
2.50097062534282
2.54969595899476
2.59779219332073
2.64524746129460
2.69205005403909
2.73818842371475
2.78365118636926
2.82842712474619
2.87250519105275
2.91587450968565
2.95852437991444
3.00044427852184
3.04162386240012
3.08205297110316
3.12172162935332
3.16062004950276
3.19873863394836
3.23606797749979
3.27259886970009
3.30832229709825
3.34322944547308
3.37731170200806
3.41056065741637
3.44296810801577
3.47452605775277
3.50522672017546
3.53506252035477
3.56402609675347
3.59211030304246
3.61930820986408
3.64561310654178
3.67101850273592
3.69551813004515
3.71910594355301
3.74177612331947
3.76352307581690
3.78434143531018
3.80422606518061
3.82317205919332
3.84117474270777
3.85822967383119
3.87433264451452
3.88947968159071
3.90366704775499
3.91689124248706
3.92914900291476
3.94043730461910
3.95075336238055
3.96009463086623
3.96845880525791
3.97584382182072
3.98224785841232
3.98766933493251
3.99210691371309
3.99555949984788
3.99802624146293
3.99950652992664
4
3.99950652992664
3.99802624146293
3.99555949984788
3.99210691371309
3.98766933493251
3.98224785841232
3.97584382182072
3.96845880525791
3.96009463086623
3.95075336238055
3.94043730461910
3.92914900291475
3.91689124248706
3.90366704775499
3.88947968159071
3.87433264451452
3.85822967383119
3.84117474270777
3.82317205919332
3.80422606518061
3.78434143531018
3.76352307581690
3.74177612331947
3.71910594355300
3.69551813004515
3.67101850273592
3.64561310654178
3.61930820986408
3.59211030304246
3.56402609675347
3.53506252035477
3.50522672017545
3.47452605775277
3.44296810801578
3.41056065741637
3.37731170200806
3.34322944547308
3.30832229709825
3.27259886970010
3.23606797749979
3.19873863394837
3.16062004950276
3.12172162935332
3.08205297110316
3.04162386240012
3.00044427852184
2.95852437991444
2.91587450968565
2.87250519105276
2.82842712474619
2.78365118636926
2.73818842371476
2.69205005403910
2.64524746129461
2.59779219332074
2.54969595899476
2.50097062534282
2.45162821461191
2.40168090130354
2.35114100916989
2.30002100817312
2.24833351140852
2.19609127199253
2.14330717991599
2.08999425886380
2.03616566300149
1.98183467372963
1.92701469640687
1.87171925704230
1.81596199895819
1.75975667942366
1.70311716626029
1.64605743442044
1.58859156253912
1.53073372946036
1.47249821073871
1.41389937511703
1.35495168098117
1.29566967279260
1.23606797749979
1.17616130092922
1.11596442415692
1.05549219986149
0.994759548659423
0.933781455423622
0.872572965586174
0.811149181426051
0.749525258342897
0.687716401117640
0.625737860160922
0.563604927750333
0.501332934257216
0.438937244364184
0.376433253274057
0.313836382911384
0.251162078117254
0.188425802838568
0.125643036312515
0.0628292692472810
2.20436423846524e-15
-0.0628292692472837
-0.125643036312510
-0.188425802838571
-0.251162078117250
-0.313836382911379
-0.376433253274060
-0.438937244364180
-0.501332934257219
-0.563604927750329
-0.625737860160925
-0.687716401117636
-0.749525258342899
-0.811149181426047
-0.872572965586170
-0.933781455423625
-0.994759548659418
-1.05549219986149
-1.11596442415692
-1.17616130092922
-1.23606797749979
-1.29566967279260
-1.35495168098116
-1.41389937511703
-1.47249821073872
-1.53073372946036
-1.58859156253913
-1.64605743442043
-1.70311716626029
-1.75975667942366
-1.81596199895819
-1.87171925704229
-1.92701469640686
-1.98183467372963
-2.03616566300149
-2.08999425886380
-2.14330717991599
-2.19609127199253
-2.24833351140852
-2.30002100817312
-2.35114100916990
-2.40168090130354
-2.45162821461191
-2.50097062534282
-2.54969595899476
-2.59779219332073
-2.64524746129461
-2.69205005403909
-2.73818842371476
-2.78365118636926
-2.82842712474619
-2.87250519105276
-2.91587450968565
-2.95852437991444
-3.00044427852184
-3.04162386240013
-3.08205297110316
-3.12172162935332
-3.16062004950276
-3.19873863394836
-3.23606797749979
-3.27259886970009
-3.30832229709825
-3.34322944547308
-3.37731170200806
-3.41056065741636
-3.44296810801577
-3.47452605775276
-3.50522672017545
-3.53506252035477
-3.56402609675347
-3.59211030304246
-3.61930820986408
-3.64561310654178
-3.67101850273592
-3.69551813004515
-3.71910594355301
-3.74177612331947
-3.76352307581690
-3.78434143531018
-3.80422606518061
-3.82317205919332
-3.84117474270777
-3.85822967383119
-3.87433264451452
-3.88947968159071
-3.90366704775499
-3.91689124248706
-3.92914900291475
-3.94043730461910
-3.95075336238055
-3.96009463086623
-3.96845880525791
-3.97584382182072
-3.98224785841232
-3.98766933493251
-3.99210691371309
-3.99555949984788
-3.99802624146293
-3.99950652992664
-4
-3.99950652992664
-3.99802624146293
-3.99555949984788
-3.99210691371309
-3.98766933493251
-3.98224785841232
-3.97584382182072
-3.96845880525791
-3.96009463086623
-3.95075336238055
-3.94043730461910
-3.92914900291475
-3.91689124248706
-3.90366704775499
-3.88947968159071
-3.87433264451452
-3.85822967383119
-3.84117474270777
-3.82317205919332
-3.80422606518061
-3.78434143531018
-3.76352307581690
-3.74177612331947
-3.71910594355300
-3.69551813004514
-3.67101850273592
-3.64561310654178
-3.61930820986408
-3.59211030304246
-3.56402609675347
-3.53506252035477
-3.50522672017545
-3.47452605775276
-3.44296810801577
-3.41056065741636
-3.37731170200806
-3.34322944547308
-3.30832229709824
-3.27259886970009
-3.23606797749979
-3.19873863394837
-3.16062004950276
-3.12172162935331
-3.08205297110316
-3.04162386240012
-3.00044427852184
-2.95852437991443
-2.91587450968565
-2.87250519105276
-2.82842712474619
-2.78365118636925
-2.73818842371475
-2.69205005403910
-2.64524746129461
-2.59779219332073
-2.54969595899475
-2.50097062534282
-2.45162821461191
-2.40168090130354
-2.35114100916989
-2.30002100817312
-2.24833351140853
-2.19609127199252
-2.14330717991598
-2.08999425886380
-2.03616566300149
-1.98183467372962
-1.92701469640686
-1.87171925704230
-1.81596199895818
-1.75975667942365
-1.70311716626029
-1.64605743442044
-1.58859156253912
-1.53073372946035
-1.47249821073871
-1.41389937511704
-1.35495168098116
-1.29566967279259
-1.23606797749979
-1.17616130092922
-1.11596442415691
-1.05549219986148
-0.994759548659423
-0.933781455423623
-0.872572965586168
-0.811149181426045
-0.749525258342890
-0.687716401117640
-0.625737860160923
-0.563604927750327
-0.501332934257210
-0.438937244364185
-0.376433253274058
-0.313836382911377
-0.251162078117248
-0.188425802838576
-0.125643036312515
-0.0628292692472673
4.41120439947683e-15
0.0628292692472761
0.125643036312510
0.188425802838585
0.251162078117257
0.313836382911372
0.376433253274067
0.438937244364194
0.501332934257219
0.563604927750321
0.625737860160931
0.687716401117649
0.749525258342899
0.811149181426053
0.872572965586177
0.933781455423631
0.994759548659418
1.05549219986149
1.11596442415692
1.17616130092922
1.23606797749979
1.29566967279260
1.35495168098117
1.41389937511704
1.47249821073872
1.53073372946036
1.58859156253912
1.64605743442044
1.70311716626030
1.75975667942366
1.81596199895819
1.87171925704231
1.92701469640687
1.98183467372963
2.03616566300149
2.08999425886381
2.14330717991599
2.19609127199252
2.24833351140852
2.30002100817313
2.35114100916990
2.40168090130353
2.45162821461191
2.50097062534283
2.54969595899476
2.59779219332073
2.64524746129461
2.69205005403910
2.73818842371476
2.78365118636926
2.82842712474620
2.87250519105276
2.91587450968565
2.95852437991444
3.00044427852184
3.04162386240013
3.08205297110317
3.12172162935332
3.16062004950276
3.19873863394837
3.23606797749980
3.27259886970009
3.30832229709825
3.34322944547308
3.37731170200807
3.41056065741637
3.44296810801578
3.47452605775277
3.50522672017546
3.53506252035477
3.56402609675347
3.59211030304246
3.61930820986408
3.64561310654178
3.67101850273592
3.69551813004515
3.71910594355301
3.74177612331947
3.76352307581690
3.78434143531018
3.80422606518062
3.82317205919332
3.84117474270777
3.85822967383119
3.87433264451453
3.88947968159071
3.90366704775499
3.91689124248706
3.92914900291476
3.94043730461910
3.95075336238055
3.96009463086623
3.96845880525791
3.97584382182072
3.98224785841232
3.98766933493251
3.99210691371309
3.99555949984788
3.99802624146293
3.99950652992664
4
3.99950652992664
3.99802624146293
3.99555949984788
3.99210691371309
3.98766933493251
3.98224785841232
3.97584382182072
3.96845880525791
3.96009463086623
3.95075336238055
3.94043730461910
3.92914900291475
3.91689124248706
3.90366704775499
3.88947968159071
3.87433264451452
3.85822967383119
3.84117474270777
3.82317205919332
3.80422606518061
3.78434143531018
3.76352307581690
3.74177612331947
3.71910594355300
3.69551813004514
3.67101850273593
3.64561310654178
3.61930820986407
3.59211030304246
3.56402609675347
3.53506252035478
3.50522672017545
3.47452605775276
3.44296810801578
3.41056065741636
3.37731170200805
3.34322944547308
3.30832229709825
3.27259886970009
3.23606797749978
3.19873863394836
3.16062004950276
3.12172162935331
3.08205297110315
3.04162386240012
3.00044427852184
2.95852437991444
2.91587450968564
2.87250519105276
2.82842712474619
2.78365118636925
2.73818842371475
2.69205005403909
2.64524746129461
2.59779219332073
2.54969595899475
2.50097062534281
2.45162821461191
2.40168090130354
2.35114100916988
2.30002100817311
2.24833351140853
2.19609127199253
2.14330717991597
2.08999425886379
2.03616566300149
1.98183467372963
1.92701469640685
1.87171925704229
1.81596199895819
1.75975667942365
1.70311716626028
1.64605743442043
1.58859156253913
1.53073372946035
1.47249821073870
1.41389937511703
1.35495168098116
1.29566967279259
1.23606797749978
1.17616130092922
1.11596442415691
1.05549219986149
0.994759548659410
0.933781455423609
0.872572965586169
0.811149181426045
0.749525258342890
0.687716401117627
0.625737860160923
0.563604927750327
0.501332934257210
0.438937244364171
0.376433253274058
0.313836382911378
0.251162078117248
0.188425802838562
0.125643036312516
0.0628292692472962
-3.92134567981788e-15
-0.0628292692472898
-0.125643036312509
-0.188425802838570
-0.251162078117256
-0.313836382911385
-0.376433253274052
-0.438937244364179
-0.501332934257218
-0.563604927750335
-0.625737860160917
-0.687716401117635
-0.749525258342898
-0.811149181426053
-0.872572965586176
-0.933781455423617
-0.994759548659417
-1.05549219986149
-1.11596442415692
-1.17616130092921
-1.23606797749979
-1.29566967279261
-1.35495168098117
-1.41389937511702
-1.47249821073871
-1.53073372946037
-1.58859156253912
-1.64605743442043
-1.70311716626030
-1.75975667942367
-1.81596199895819
-1.87171925704228
-1.92701469640687
-1.98183467372964
-2.03616566300148
-2.08999425886379
-2.14330717991599
-2.19609127199253
-2.24833351140852
-2.30002100817311
-2.35114100916990
-2.40168090130354
-2.45162821461190
-2.50097062534282
-2.54969595899476
-2.59779219332074
-2.64524746129461
-2.69205005403909
-2.73818842371476
-2.78365118636926
-2.82842712474620
-2.87250519105275
-2.91587450968565
-2.95852437991444
-3.00044427852184
-3.04162386240012
-3.08205297110316
-3.12172162935333
-3.16062004950276
-3.19873863394836
-3.23606797749979
-3.27259886970010
-3.30832229709825
-3.34322944547308
-3.37731170200807
-3.41056065741638
-3.44296810801578
-3.47452605775276
-3.50522672017546
-3.53506252035478
-3.56402609675347
-3.59211030304246
-3.61930820986408
-3.64561310654179
-3.67101850273592
-3.69551813004515
-3.71910594355301
-3.74177612331947
-3.76352307581690
-3.78434143531018
-3.80422606518062
-3.82317205919332
-3.84117474270778
-3.85822967383119
-3.87433264451453
-3.88947968159071
-3.90366704775499
-3.91689124248706
-3.92914900291476
-3.94043730461910
-3.95075336238055
-3.96009463086623
-3.96845880525791
-3.97584382182072
-3.98224785841232
-3.98766933493251
-3.99210691371309
-3.99555949984788
-3.99802624146293
-3.99950652992664
-4
-3.99950652992664
-3.99802624146293
-3.99555949984788
-3.99210691371309
-3.98766933493251
-3.98224785841232
-3.97584382182072
-3.96845880525791
-3.96009463086623
-3.95075336238055
-3.94043730461910
-3.92914900291475
-3.91689124248706
-3.90366704775499
-3.88947968159071
-3.87433264451452
-3.85822967383119
-3.84117474270777
-3.82317205919332
-3.80422606518061
-3.78434143531018
-3.76352307581690
-3.74177612331947
-3.71910594355301
-3.69551813004515
-3.67101850273592
-3.64561310654178
-3.61930820986408
-3.59211030304246
-3.56402609675347
-3.53506252035478
-3.50522672017546
-3.47452605775276
-3.44296810801577
-3.41056065741637
-3.37731170200806
-3.34322944547308
-3.30832229709825
-3.27259886970010
-3.23606797749979
-3.19873863394836
-3.16062004950276
-3.12172162935332
-3.08205297110316
-3.04162386240013
-3.00044427852184
-2.95852437991444
-2.91587450968565
-2.87250519105276
-2.82842712474618
-2.78365118636926
-2.73818842371476
-2.69205005403910
-2.64524746129460
-2.59779219332073
-2.54969595899477
-2.50097062534283
-2.45162821461190
-2.40168090130354
-2.35114100916990
-2.30002100817311
-2.24833351140851
-2.19609127199253
-2.14330717991600
-2.08999425886379
-2.03616566300148
-1.98183467372963
-1.92701469640686
-1.87171925704229
-1.81596199895818
-1.75975667942366
-1.70311716626029
-1.64605743442043
-1.58859156253912
-1.53073372946035
-1.47249821073871
-1.41389937511703
-1.35495168098116
-1.29566967279259
-1.23606797749979
-1.17616130092922
-1.11596442415691
-1.05549219986149
-0.994759548659424
-0.933781455423624
-0.872572965586155
-0.811149181426046
-0.749525258342905
-0.687716401117641
-0.625737860160910
-0.563604927750328
-0.501332934257225
-0.438937244364172
-0.376433253274045
-0.313836382911378
-0.251162078117263
-0.188425802838563
-0.125643036312502
-0.0628292692472825
-1.07793677550431e-14
0.0628292692472893
0.125643036312523
0.188425802838569
0.251162078117256
0.313836382911385
0.376433253274066
0.438937244364178
0.501332934257218
0.563604927750334
0.625737860160930
0.687716401117648
0.749525258342898
0.811149181426052
0.872572965586176
0.933781455423630
0.994759548659417
1.05549219986149
1.11596442415693
1.17616130092922
1.23606797749979
1.29566967279260
1.35495168098117
1.41389937511703
1.47249821073871
1.53073372946036
1.58859156253912
1.64605743442044
1.70311716626028
1.75975667942367
1.81596199895819
1.87171925704230
1.92701469640685
1.98183467372964
2.03616566300148
2.08999425886380
2.14330717991599
2.19609127199253
2.24833351140852
2.30002100817311
2.35114100916990
2.40168090130354
2.45162821461190
2.50097062534282
2.54969595899476
2.59779219332074
2.64524746129460
2.69205005403910
2.73818842371476
2.78365118636926
2.82842712474619
2.87250519105276
2.91587450968565
2.95852437991444
3.00044427852184
3.04162386240013
3.08205297110316
3.12172162935332
3.16062004950276
3.19873863394837
3.23606797749979
3.27259886970010
3.30832229709825
3.34322944547308
3.37731170200806
3.41056065741638
3.44296810801578
3.47452605775277
3.50522672017545
3.53506252035478
3.56402609675347
3.59211030304246
3.61930820986408
3.64561310654178
3.67101850273592
3.69551813004515
3.71910594355301
3.74177612331947
3.76352307581690
3.78434143531019
3.80422606518062
3.82317205919332
3.84117474270777
3.85822967383120
3.87433264451452
3.88947968159070
3.90366704775499
3.91689124248707
3.92914900291476
3.94043730461909
3.95075336238055
3.96009463086623
3.96845880525791
3.97584382182072
3.98224785841232
3.98766933493251
3.99210691371309
3.99555949984788
3.99802624146293
3.99950652992664
4
3.99950652992664
3.99802624146293
3.99555949984788
3.99210691371309
3.98766933493251
3.98224785841232
3.97584382182072
3.96845880525791
3.96009463086623
3.95075336238055
3.94043730461910
3.92914900291475
3.91689124248706
3.90366704775499
3.88947968159070
3.87433264451452
3.85822967383119
3.84117474270777
3.82317205919332
3.80422606518061
3.78434143531018
3.76352307581690
3.74177612331946
3.71910594355301
3.69551813004515
3.67101850273592
3.64561310654178
3.61930820986408
3.59211030304247
3.56402609675347
3.53506252035477
3.50522672017546
3.47452605775276
3.44296810801577
3.41056065741636
3.37731170200806
3.34322944547308
3.30832229709825
3.27259886970009
3.23606797749978
3.19873863394836
3.16062004950276
3.12172162935332
3.08205297110315
3.04162386240013
3.00044427852184
2.95852437991444
2.91587450968564
2.87250519105276
2.82842712474619
2.78365118636926
2.73818842371475
2.69205005403910
2.64524746129461
2.59779219332073
2.54969595899476
2.50097062534283
2.45162821461190
2.40168090130354
2.35114100916989
2.30002100817312
2.24833351140852
2.19609127199253
2.14330717991599
2.08999425886379
2.03616566300148
1.98183467372963
1.92701469640686
1.87171925704229
1.81596199895818
1.75975667942366
1.70311716626029
1.64605743442043
1.58859156253912
1.53073372946036
1.47249821073870
1.41389937511703
1.35495168098116
1.29566967279260
1.23606797749978
1.17616130092922
1.11596442415691
1.05549219986149
0.994759548659411
0.933781455423624
0.872572965586169
0.811149181426046
0.749525258342891
0.687716401117642
0.625737860160924
0.563604927750328
0.501332934257211
0.438937244364186
0.376433253274045
0.313836382911379
0.251162078117249
0.188425802838577
0.125643036312502
0.0628292692472830
-2.94162824050000e-15
-0.0628292692472888
-0.125643036312523
-0.188425802838569
-0.251162078117255
-0.313836382911385
-0.376433253274065
-0.438937244364178
-0.501332934257231
-0.563604927750334
-0.625737860160930
-0.687716401117634
-0.749525258342911
-0.811149181426052
-0.872572965586161
-0.933781455423616
-0.994759548659430
-1.05549219986149
-1.11596442415691
-1.17616130092922
-1.23606797749980
-1.29566967279260
-1.35495168098115
-1.41389937511703
-1.47249821073872
-1.53073372946036
-1.58859156253912
-1.64605743442044
-1.70311716626030
-1.75975667942366
-1.81596199895819
-1.87171925704230
-1.92701469640687
-1.98183467372963
-2.03616566300148
-2.08999425886380
-2.14330717991599
-2.19609127199253
-2.24833351140852
-2.30002100817311
-2.35114100916989
-2.40168090130354
-2.45162821461190
-2.50097062534282
-2.54969595899477
-2.59779219332074
-2.64524746129460
-2.69205005403909
-2.73818842371477
-2.78365118636926
-2.82842712474618
-2.87250519105276
-2.91587450968565
-2.95852437991444
-3.00044427852183
-3.04162386240013
-3.08205297110316
-3.12172162935332
-3.16062004950276
-3.19873863394837
-3.23606797749979
-3.27259886970009
-3.30832229709825
-3.34322944547308
-3.37731170200806
-3.41056065741637
-3.44296810801578
-3.47452605775277
-3.50522672017545
-3.53506252035478
-3.56402609675347
-3.59211030304246
-3.61930820986407
-3.64561310654178
-3.67101850273592
-3.69551813004515
-3.71910594355301
-3.74177612331947
-3.76352307581690
-3.78434143531018
-3.80422606518062
-3.82317205919332
-3.84117474270777
-3.85822967383119
-3.87433264451452
-3.88947968159071
-3.90366704775499
-3.91689124248707
-3.92914900291476
-3.94043730461910
-3.95075336238055
-3.96009463086623
-3.96845880525791
-3.97584382182072
-3.98224785841232
-3.98766933493251
-3.99210691371309
-3.99555949984788
-3.99802624146293
-3.99950652992664
-4
-3.99950652992664
-3.99802624146293
-3.99555949984788
-3.99210691371309
-3.98766933493251
-3.98224785841232
-3.97584382182072
-3.96845880525791
-3.96009463086623
-3.95075336238055
-3.94043730461910
-3.92914900291475
-3.91689124248706
-3.90366704775499
-3.88947968159071
-3.87433264451452
-3.85822967383119
-3.84117474270777
-3.82317205919332
-3.80422606518061
-3.78434143531018
-3.76352307581690
-3.74177612331947
-3.71910594355301
-3.69551813004515
-3.67101850273593
-3.64561310654178
-3.61930820986408
-3.59211030304246
-3.56402609675347
-3.53506252035477
-3.50522672017546
-3.47452605775276
-3.44296810801577
-3.41056065741636
-3.37731170200806
-3.34322944547307
-3.30832229709825
-3.27259886970009
-3.23606797749979
-3.19873863394835
-3.16062004950276
-3.12172162935332
-3.08205297110316
-3.04162386240012
-3.00044427852184
-2.95852437991444
-2.91587450968564
-2.87250519105275
-2.82842712474619
-2.78365118636926
-2.73818842371475
-2.69205005403909
-2.64524746129461
-2.59779219332073
-2.54969595899476
-2.50097062534282
-2.45162821461191
-2.40168090130354
-2.35114100916989
-2.30002100817311
-2.24833351140853
-2.19609127199253
-2.14330717991599
-2.08999425886379
-2.03616566300148
-1.98183467372963
-1.92701469640686
-1.87171925704229
-1.81596199895818
-1.75975667942367
-1.70311716626029
-1.64605743442042
-1.58859156253912
-1.53073372946037
-1.47249821073871
-1.41389937511702
-1.35495168098116
-1.29566967279261
-1.23606797749978
-1.17616130092922
-1.11596442415692
-1.05549219986150
-0.994759548659411
-0.933781455423625
-0.872572965586170
-0.811149181426060
-0.749525258342892
-0.687716401117642
-0.625737860160925
-0.563604927750329
-0.501332934257212
-0.438937244364187
-0.376433253274060
-0.313836382911379
-0.251162078117250
-0.188425802838578
-0.125643036312503
-0.0628292692472835
2.45176952084106e-15
0.0628292692472741
0.125643036312522
0.188425802838568
0.251162078117255
0.313836382911370
0.376433253274065
0.438937244364177
0.501332934257217
0.563604927750333
0.625737860160929
0.687716401117633
0.749525258342897
0.811149181426051
0.872572965586175
0.933781455423615
0.994759548659430
1.05549219986149
1.11596442415692
1.17616130092921
1.23606797749980
1.29566967279260
1.35495168098117
1.41389937511703
1.47249821073872
1.53073372946036
1.58859156253912
1.64605743442044
1.70311716626030
1.75975667942366
1.81596199895819
1.87171925704230
1.92701469640687
1.98183467372963
2.03616566300150
2.08999425886380
2.14330717991599
2.19609127199252
2.24833351140853
2.30002100817311
2.35114100916989
2.40168090130354
2.45162821461191
2.50097062534282
2.54969595899476
2.59779219332074
2.64524746129461
2.69205005403909
2.73818842371475
2.78365118636926
2.82842712474619
2.87250519105275
2.91587450968565
2.95852437991444
3.00044427852184
3.04162386240012
3.08205297110316
3.12172162935332
3.16062004950276
3.19873863394837
3.23606797749980
3.27259886970009
3.30832229709825
3.34322944547308
3.37731170200806
3.41056065741637
3.44296810801577
3.47452605775277
3.50522672017546
3.53506252035477
3.56402609675348
3.59211030304246
3.61930820986408
3.64561310654178
3.67101850273593
3.69551813004515
3.71910594355301
3.74177612331947
3.76352307581691
3.78434143531018
3.80422606518062
3.82317205919332
3.84117474270778
3.85822967383119
3.87433264451453
3.88947968159071
3.90366704775499
3.91689124248706
3.92914900291476
3.94043730461910
3.95075336238055
3.96009463086623
3.96845880525791
3.97584382182072
3.98224785841232
3.98766933493251
3.99210691371309
3.99555949984788
3.99802624146293
3.99950652992664
